0.088500
0.089850
0.093300
0.106500
0.130050
0.132450
0.136650
0.143700
0.143850
0.146100
0.147000
0.149700
0.152700
0.153300
0.161100
0.163950
0.168300
0.169650
0.171750
0.172200
0.175200
0.176700
0.181650
0.182250
0.182250
0.184200
0.187050
0.189150
0.193050
0.193350
0.194400
0.197550
0.206250
0.207300
0.211500
0.215250
0.215400
0.215700
0.216300
0.218250
0.219600
0.227250
0.227250
0.228900
0.229800
0.231600
0.237300
0.238200
0.240900
0.241200
0.246750
0.247950
0.249600
0.254100
0.259650
0.264150
0.264900
0.265650
0.267900
0.272550
0.274650
0.275400
0.276750
0.279300
0.286800
0.287700
0.289350
0.292950
0.294600
0.295650
0.295650
0.297150
0.301950
0.303750
0.304200
0.306900
0.311550
0.313350
0.314250
0.314550
0.315900
0.316050
0.317100
0.321600
0.323100
0.324150
0.325650
0.325950
0.327750
0.328650
0.334950
0.341550
0.346200
0.357150
0.357750
0.357900
0.358350
0.366000
0.373950
0.376800
0.379050
0.380100
0.380700
0.381750
0.382650
0.387900
0.392100
0.397800
0.404400
0.404400
0.408750
0.411450
0.417150
0.421500
0.426300
0.427650
0.429450
0.441600
0.446100
0.447900
0.449400
0.450600
0.450750
0.455700
0.456150
0.458850
0.465750
0.467850
0.468450
0.474150
0.477300
0.478650
0.482850
0.487050
0.488400
0.495600
0.498450
0.499650
0.503100
0.506250
0.508650
0.514500
0.517350
0.519300
0.520800
0.523950
0.525000
0.525750
0.526350
0.537600
0.538800
0.541050
0.563100
0.574050
0.575400
0.580350
0.588750
0.603900
0.618600
0.620250
0.622350
0.626700
0.629850
0.636750
0.636750
0.640950
0.647400
0.650850
0.653250
0.656850
0.666900
0.675150
0.676500
0.681750
0.702900
0.705300
0.707850
0.720750
0.722550
0.726900
0.730800
0.739200
0.746700
0.748050
0.753300
0.754800
0.763950
0.764700
0.777000
0.781800
0.783450
0.788700
0.791250
0.797250
0.801150
0.804300
0.805800
0.855300
0.858750
0.885300
0.885900
0.899400
0.931200
0.944250
0.949950
0.953850
0.954450
0.992250
1.002900
1.005150
1.014900
1.055400
1.055550
1.069050
1.079700
1.080150
1.085250
1.104450
1.108050
1.112400
1.113450
1.113600
1.115400
1.115550
1.140900
1.149300
1.149750
1.166100
1.174350
1.176450
1.188600
1.189800
1.197300
1.217400
1.222350
1.236450
1.238700
1.245450
1.248450
1.284150
1.306350
1.314000
1.316550
1.339650
1.355400
1.370250
1.381050
1.403550
1.419750
1.424550
1.431750
1.454100
1.456050
1.478100
1.506300
1.513950
1.524150
1.531050
1.534650
1.541850
1.548150
1.570650
1.583400
1.593000
1.595850
1.618950
1.623600
1.628700
1.632450
1.675800
1.692450
1.705350
1.720650
1.750050
1.762200
1.777500
1.816200
1.850400
1.858050
1.866900
1.873800
1.970100
1.996350
2.020200
2.046900
2.062950
2.091900
2.131500
2.160150
2.239650
2.266350
2.273400
2.298150
2.337300
2.361300
2.387700
2.395200
2.423550
2.517300
2.612400
2.632950
2.667000
2.677800
2.684100
2.728500
2.930100
3.011250
3.266250
3.341100
3.633150
4.251450
5.090400
